%YAML:1.0
grasp: !!opencv-matrix
   rows: 57
   cols: 3
   dt: f
   data: [ -3.10481140e+02, -1.10102966e+02, 1.01379858e+03,
       -2.97949463e+02, -2.54021912e+02, 1.01138007e+03, -2.90222656e+02,
       -9.74691772e+01, 1.01016919e+03, -2.77791595e+02, -2.08912872e+02,
       1.00804376e+03, -2.66074646e+02, 8.12646103e+00, 1.00477789e+03,
       -2.03176956e+02, 4.47374268e+01, 9.97276184e+02, -2.04158325e+02,
       -1.16494385e+02, 9.96344910e+02, -1.47319687e+02, 4.59234810e+01,
       9.96315430e+02, -1.95702118e+02, -1.80858307e+02, 9.96148315e+02,
       -1.56351959e+02, -2.03397583e+02, 9.90395142e+02, -1.64307968e+02,
       -2.51014725e+02, 9.90006958e+02, -2.13452057e+02, -1.24846893e+02,
       9.89453857e+02, -1.37493179e+02, 1.26531963e+01, 9.87994080e+02,
       -4.84963760e+01, -2.76401825e+02, 9.87459717e+02, -1.30479950e+02,
       -1.39263000e+02, 9.87171509e+02, -1.17440796e+02, -6.46602783e+01,
       9.85249756e+02, -1.59631561e+02, -1.05290871e+02, 9.85009399e+02,
       -1.78158020e+02, 1.53986168e+01, 9.84892334e+02, -1.19460831e+02,
       -2.17969894e+02, 9.84330688e+02, -9.94087219e+01, -1.12913300e+02,
       9.81729431e+02, -9.42278061e+01, -1.59004547e+02, 9.81497681e+02,
       -8.73220901e+01, -2.48877548e+02, 9.77962097e+02, -1.20237923e+02,
       -1.74645615e+02, 9.77737122e+02, -5.94808502e+01, 1.25147114e+01,
       9.76233704e+02, -1.57916046e+02, 4.49428177e+01, 9.75345703e+02,
       -1.27929405e+02, -2.42397781e+02, 9.74542236e+02, -3.58784409e+01,
       -6.30323563e+01, 9.71483215e+02, -3.07225323e+01, -1.01205864e+02,
       9.70873840e+02, -2.24330582e+02, -6.82278137e+01, 9.70169983e+02,
       -1.06435501e+02, 4.67773094e+01, 9.67461487e+02, 5.98685503e+00,
       -2.51211746e+02, 9.58650146e+02, 3.02535934e+01, -1.60261932e+02,
       9.57691284e+02, 4.29873886e+01, -2.51754074e+02, 9.56911194e+02,
       -4.31068039e+01, -1.04785500e+01, 9.56868774e+02, -1.57811098e+01,
       -1.43528412e+02, 9.53791199e+02, 8.21314087e+01, -2.09858551e+02,
       9.52011780e+02, 9.94501877e+01, 1.27535629e+01, 9.49632080e+02,
       -7.94964600e+01, 4.74589920e+01, 9.48032288e+02, -1.56661596e+01,
       2.11478472e+00, 9.47976807e+02, 1.16976669e+02, -2.41351807e+02,
       9.47181580e+02, 2.98150253e+01, -2.21323898e+02, 9.46772766e+02,
       1.23099396e+02, -1.99098358e+02, 9.46430786e+02, 1.77084885e+01,
       5.31889229e+01, 9.45367737e+02, 1.43238037e+02, -1.75447845e+01,
       9.43235352e+02, 4.67613716e+01, -5.42086868e+01, 9.42162537e+02,
       1.52901306e+02, -1.28444305e+02, 9.41354736e+02, 1.54241486e+02,
       -5.07613220e+01, 9.40524048e+02, -2.06299744e+01, 3.82952003e+01,
       9.38618713e+02, 7.46674042e+01, -1.47932220e+02, 9.38337585e+02,
       1.50938950e+02, -2.41499664e+02, 9.37462524e+02, 8.01635056e+01,
       -2.49763138e+02, 9.37097595e+02, 8.27736816e+01, -1.11336441e+02,
       9.36518982e+02, 6.47981415e+01, -8.47259674e+01, 9.34172607e+02,
       3.27046661e+01, -1.26146454e+02, 9.31466492e+02, 1.54380753e+02,
       -2.51715958e+02, 9.30247070e+02, 1.52169281e+02, -8.86263962e+01,
       9.26490356e+02, 6.01759224e+01, -1.76129028e+02, 9.26478149e+02 ]
normal: !!opencv-matrix
   rows: 57
   cols: 3
   dt: f
   data: [ -8.44764471e-01, -5.25075614e-01, -1.03289440e-01,
       -1.57210216e-01, -2.02848315e-02, -9.87356961e-01,
       -1.50528222e-01, -1.35914497e-02, -9.88512635e-01,
       -1.31386295e-01, 2.14233510e-02, -9.91099894e-01, -1.24778748e-01,
       3.81577648e-02, -9.91450906e-01, -9.02767181e-02, 1.71148684e-02,
       -9.95769739e-01, -6.62305832e-01, -5.05467117e-01,
       -5.53040981e-01, -8.93256366e-01, -2.07923159e-01,
       -3.98574352e-01, -1.36833876e-01, 2.23819427e-02, -9.90341127e-01,
       -1.32562488e-01, 5.51383011e-02, -9.89639699e-01, -1.52626991e-01,
       8.88243839e-02, -9.84284103e-01, -5.17013788e-01, -3.56841087e-01,
       -7.78049648e-01, -3.56826633e-01, 4.10084963e-01, -8.39347780e-01,
       -9.65792894e-01, 1.81951731e-01, -1.84765890e-01, -1.11765012e-01,
       1.14265122e-02, -9.93668795e-01, -1.50546446e-01, -6.85222633e-03,
       -9.88579094e-01, 2.92017519e-01, 9.97942090e-02, -9.51192260e-01,
       4.38971728e-01, 2.03986436e-01, -8.75038922e-01, -1.33017525e-01,
       4.00162563e-02, -9.90305781e-01, -1.33113593e-01, -2.41728150e-03,
       -9.91097987e-01, -1.45660967e-01, 1.11359693e-02, -9.89271879e-01,
       -1.39137030e-01, 4.08656225e-02, -9.89429891e-01, -9.13605690e-01,
       -1.00409277e-01, -3.94008756e-01, 3.72145712e-01, 8.67269278e-01,
       -3.30684155e-01, -1.30300298e-01, -1.02734184e-02,
       -9.91421461e-01, -6.22264266e-01, -7.22633064e-01,
       -3.00978482e-01, -1.36661097e-01, -6.24424079e-03,
       -9.90598142e-01, -8.45216885e-02, -4.41592187e-04,
       -9.96421814e-01, -8.30041468e-02, -1.11012701e-02,
       -9.96487439e-01, -1.25873625e-01, -1.87008586e-02,
       -9.91870105e-01, -9.86378670e-01, -4.77003232e-02,
       -1.57422334e-01, -2.42071360e-01, 9.53193784e-01, -1.81171149e-01,
       -1.10711440e-01, -1.18758529e-02, -9.93781805e-01, 6.52391851e-01,
       -2.28654563e-01, -7.22566426e-01, -1.44184366e-01, 2.14579031e-02,
       -9.89318073e-01, 7.96732485e-01, 4.79179710e-01, -3.68244827e-01,
       -1.26899004e-01, 9.41877440e-03, -9.91870940e-01, -1.42232686e-01,
       -1.09809451e-03, -9.89832640e-01, -4.58591521e-01,
       -3.64825130e-02, -8.87897670e-01, -1.73832983e-01, 7.17037264e-03,
       -9.84749258e-01, 3.14254940e-01, -5.21519929e-02, -9.47905064e-01,
       -1.85789898e-01, 1.80338267e-02, -9.82423842e-01, -5.48542917e-01,
       6.78184390e-01, -4.89046961e-01, -1.62664056e-01, -1.71414502e-02,
       -9.86532629e-01, -1.62375063e-01, -7.40772784e-02,
       -9.83944416e-01, -1.39872462e-01, -2.28479281e-02,
       -9.89906013e-01, -1.65251434e-01, -9.71012414e-01,
       -1.72703400e-01, -1.49016276e-01, 1.96166001e-02, -9.88640189e-01,
       -7.79256746e-02, 2.89234854e-02, -9.96539772e-01, 1.27833635e-01,
       -7.96415091e-01, -5.91085553e-01, -1.33472115e-01, 5.19251488e-02,
       -9.89691436e-01, -5.86475916e-02, -8.40711873e-03,
       -9.98243570e-01, -6.50833189e-01, 4.44247007e-01, -6.15679204e-01,
       -9.70297754e-02, 1.43118473e-02, -9.95178580e-01, -6.92716911e-02,
       -5.30377090e-01, -8.44926834e-01, -2.30964661e-01,
       -3.49732302e-02, -9.72333491e-01, -1.54792801e-01,
       -1.75440535e-02, -9.87791121e-01 ]
